1212
271 78 279
552 566 548
552 560 566
284 282 277
282 275 277
275 282 270
603 609 614
609 608 614
582 593 603
227 325 355
549 553 554
553 545 556
553 549 545
561 1 554
549 550 545
7 4 556
566 91 141
3 91 566
551 552 548
6 2 5
2 10 5
563 564 560
552 563 560
563 2 564
2 563 10
281 284 277
287 282 284
275 276 277
276 271 279
276 272 271
92 78 271
78 64 71
596 583 576
596 616 601
617 615 616
359 365 355
386 365 373
386 403 355
365 386 355
557 553 556
4 557 556
558 561 554
553 558 554
558 557 561
557 558 553
1 555 554
555 549 554
555 550 549
17 563 562
563 17 10
550 546 545
39 35 19
7 39 19
35 20 19
8 4 7
8 20 21
8 21 9
4 8 9
2 565 564
564 565 560
3 565 6
565 2 6
560 565 566
565 3 566
218 217 227
151 162 141
176 175 194
278 281 277
278 276 279
276 278 277
280 278 279
278 283 281
280 283 278
283 280 279
302 270 288
340 330 333
285 287 288
287 285 282
270 285 288
282 285 270
269 275 270
272 258 271
273 272 276
73 82 67
73 81 98
82 73 98
79 92 65
79 64 78
594 601 604
587 594 604
576 577 570
583 577 576
413 444 434
78 413 279
611 615 617
539 544 582
544 539 538
569 544 538
593 600 603
600 609 603
609 600 608
590 589 595
365 364 373
359 364 365
364 363 373
325 347 355
339 340 333
340 339 346
557 0 561
0 557 4
0 4 9
1 0 9
0 1 561
555 559 550
559 555 562
563 559 562
551 559 552
559 563 552
17 18 10
18 70 6
18 6 5
10 18 5
547 546 550
559 547 550
547 559 551
547 551 548
546 547 545
54 7 71
54 39 7
20 12 19
8 12 20
53 52 61
175 193 194
174 175 160
193 174 180
174 193 175
168 176 162
168 175 176
245 302 325
245 325 227
250 242 209
262 245 249
302 262 270
245 262 302
264 269 270
248 262 249
245 248 249
264 256 263
274 276 275
274 273 276
93 105 94
105 93 92
73 66 81
39 45 35
54 45 39
99 82 98
82 99 100
92 85 78
85 79 78
79 85 92
596 597 583
597 596 601
598 597 601
599 598 601
594 599 601
599 585 598
585 599 594
374 366 348
611 610 615
615 610 616
601 610 604
616 610 601
610 605 604
605 610 611
608 613 614
613 617 614
600 612 608
612 613 608
612 611 617
613 612 617
612 607 611
607 612 600
588 587 604
589 588 604
587 588 580
592 600 593
581 544 569
590 581 569
544 581 582
581 593 582
581 592 593
575 590 569
590 575 589
575 588 589
588 575 580
575 543 580
575 569 538
367 366 375
366 381 375
381 374 387
374 381 366
395 380 394
380 379 394
379 380 372
363 380 373
380 363 372
380 386 373
380 395 386
386 402 403
395 402 386
412 402 395
412 419 403
402 412 403
371 379 372
363 371 372
351 340 346
363 351 346
18 28 70
28 18 17
64 63 71
63 54 71
13 1 9
13 14 1
14 13 23
555 16 562
16 555 1
16 17 562
16 28 17
11 7 19
12 11 19
11 8 7
11 12 8
52 60 61
59 60 52
82 87 67
87 82 100
87 60 59
53 62 44
62 53 61
62 69 70
62 28 44
28 62 70
196 208 218
200 195 194
195 176 194
176 195 196
195 208 196
208 195 200
151 140 160
140 151 141
140 121 160
121 140 132
173 158 150
168 161 175
161 151 160
175 161 160
151 161 162
161 168 162
149 138 157
173 149 157
149 173 150
324 330 340
324 347 325
347 324 340
334 331 348
250 251 242
294 286 289
289 286 279
286 283 279
321 331 326
331 321 348
264 265 260
262 265 270
265 264 270
248 261 262
265 261 260
261 265 262
248 241 236
241 248 245
236 241 227
241 245 227
256 255 263
244 248 236
261 257 260
257 261 248
257 264 260
257 256 264
244 257 248
257 244 256
274 266 273
266 258 272
273 266 272
250 142 271
72 66 65
92 72 65
93 72 92
72 93 94
66 56 65
41 49 50
42 41 50
45 46 35
23 26 32
13 26 23
26 13 9
585 584 598
597 584 583
584 597 598
586 594 587
586 585 594
430 413 434
430 420 413
537 575 538
575 537 543
539 528 538
528 537 538
453 478 471
444 453 434
453 430 434
470 460 444
460 453 444
453 460 478
478 487 502
460 487 478
487 460 470
602 600 595
602 607 600
589 602 595
602 589 604
605 602 604
591 590 595
600 591 595
592 591 600
591 581 590
581 591 592
367 360 366
360 356 348
366 360 348
354 359 355
347 354 355
351 352 340
352 351 363
352 364 359
352 363 364
448 426 425
379 385 394
368 358 361
376 367 375
367 376 361
389 376 375
488 478 502
478 488 471
14 15 1
15 16 1
28 34 44
16 34 28
87 58 67
58 87 59
51 58 59
67 58 50
101 100 113
101 87 100
69 76 70
215 217 218
208 215 218
133 140 141
140 133 132
91 133 141
104 133 91
133 121 132
121 133 104
121 159 160
159 174 160
159 158 174
179 158 173
179 186 180
174 179 180
158 179 174
292 295 296
287 292 288
312 319 313
297 293 296
292 293 288
293 292 296
293 302 288
293 297 302
308 312 313
324 320 330
320 319 330
319 320 313
327 328 323
328 327 333
329 319 323
328 329 323
319 329 330
330 329 333
329 328 333
334 335 331
342 358 343
335 342 343
342 335 334
251 253 258
253 251 250
258 253 271
253 250 271
316 307 309
316 321 326
294 304 299
304 307 299
251 246 242
246 238 242
252 255 256
244 252 256
252 244 247
268 266 274
269 268 275
268 274 275
266 259 258
255 259 263
259 266 263
143 163 164
122 105 92
122 92 271
142 122 271
57 66 73
57 56 66
57 73 67
57 67 50
49 57 50
56 47 65
47 79 65
55 63 64
46 55 64
63 55 54
55 45 54
55 46 45
46 29 35
26 29 30
31 26 30
26 31 32
21 22 9
22 26 9
22 29 26
29 22 35
20 22 21
22 20 35
578 584 585
577 578 570
578 540 570
578 577 583
584 578 583
430 454 420
454 453 471
453 454 430
374 405 387
532 533 527
533 528 527
528 533 537
537 533 543
533 532 543
528 513 527
485 582 603
606 602 605
602 606 607
606 605 611
607 606 611
353 347 340
352 353 340
353 354 347
354 353 359
353 352 359
438 426 448
370 371 362
371 370 379
382 376 391
382 368 361
376 382 361
418 395 394
418 412 395
412 418 419
418 417 429
401 418 394
418 401 417
400 392 399
401 400 417
427 400 399
398 382 391
388 381 387
381 388 375
388 389 375
376 390 391
389 390 376
510 488 502
488 510 503
488 472 471
15 25 16
25 34 16
38 53 44
34 38 44
53 38 52
38 59 52
38 51 59
60 74 61
77 91 3
77 3 6
70 77 6
102 103 88
138 130 113
120 159 121
158 120 150
159 120 158
238 237 242
231 236 227
184 177 189
80 72 94
80 97 81
97 80 86
66 80 81
72 80 66
156 177 157
138 156 157
137 156 138
198 203 189
177 198 189
291 287 284
291 292 287
292 291 295
319 318 323
312 318 319
318 312 311
317 318 311
318 317 323
301 297 296
295 301 296
308 301 295
297 301 302
320 314 313
314 320 324
302 314 325
314 324 325
327 338 333
338 339 333
339 338 346
338 345 346
332 327 326
332 335 336
331 332 326
335 332 331
345 350 346
350 363 346
371 350 362
350 371 363
342 357 358
358 357 361
360 357 356
357 367 361
357 360 367
341 334 348
341 342 334
356 341 348
357 341 356
341 357 342
316 310 307
307 310 299
310 317 311
310 316 317
315 316 309
316 315 321
321 315 348
322 316 326
316 322 317
327 322 326
317 322 323
322 327 323
298 294 289
298 304 294
307 306 309
304 306 307
266 267 263
268 267 266
267 268 269
267 264 263
264 267 269
254 251 258
259 254 258
254 246 251
246 254 247
254 252 247
252 254 255
254 259 255
143 152 163
152 135 142
135 152 143
47 48 41
41 48 49
48 57 49
57 48 56
48 47 56
40 47 41
31 40 41
40 31 30
29 40 30
40 29 46
40 46 64
79 40 64
47 40 79
36 41 42
36 31 41
36 42 37
36 37 32
31 36 32
129 138 113
129 137 138
81 110 98
97 110 81
125 135 143
586 572 585
536 520 526
520 536 532
437 448 425
455 437 446
437 455 447
420 421 413
513 505 498
497 490 503
521 520 532
521 532 527
513 521 527
418 443 419
443 603 403
419 443 403
439 464 440
439 438 464
438 439 426
464 474 440
474 475 440
384 377 392
369 370 362
377 369 368
368 369 358
383 377 368
382 383 368
392 383 399
377 383 392
383 398 399
398 383 382
393 400 401
385 393 394
393 401 394
400 393 392
393 384 392
384 393 385
417 428 429
400 428 417
427 428 400
398 411 399
411 427 399
427 411 433
426 415 425
519 510 518
520 519 526
519 518 526
469 470 444
413 469 444
509 510 502
510 509 518
479 472 488
24 15 14
24 25 15
24 14 23
25 24 34
24 27 34
27 23 32
27 24 23
38 43 51
42 43 37
43 58 51
43 42 50
58 43 50
87 83 60
83 74 60
101 83 87
102 83 101
83 102 88
75 76 69
62 75 69
83 75 74
75 83 88
130 114 113
114 101 113
114 102 101
139 131 130
149 139 138
139 130 138
139 149 150
131 139 150
116 121 104
116 120 121
119 120 103
119 131 150
120 119 150
84 75 88
75 84 76
103 84 88
246 243 238
243 239 238
243 246 247
244 243 247
239 230 238
231 235 236
225 226 217
231 226 225
217 226 227
226 231 227
192 205 193
192 193 180
186 192 180
191 192 186
214 225 217
178 179 173
184 178 177
178 173 157
177 178 157
190 184 189
190 191 186
203 199 189
199 190 189
204 192 191
192 204 205
204 199 212
190 204 191
199 204 190
148 156 137
155 148 147
148 155 156
156 167 177
167 172 177
155 167 156
198 202 203
202 201 209
201 202 198
163 181 164
152 181 163
181 152 142
290 291 284
281 290 284
283 290 281
286 290 283
290 294 299
290 286 294
301 305 302
305 301 308
305 314 302
305 308 313
314 305 313
337 338 327
332 337 327
337 332 336
345 337 336
338 337 345
349 350 345
350 349 362
358 349 343
349 369 362
369 349 358
298 303 304
303 306 304
315 303 348
303 315 309
306 303 309
303 289 279
303 298 289
123 122 142
95 96 86
97 96 109
96 97 86
80 106 86
106 95 86
106 80 94
95 106 122
105 106 94
122 106 105
100 112 113
99 112 100
110 126 127
125 126 109
126 97 109
126 110 97
126 125 143
146 155 147
181 165 164
571 578 585
572 571 585
578 571 540
571 572 567
573 572 586
462 472 447
455 462 447
405 396 387
424 437 425
454 435 420
435 421 420
421 404 413
404 405 374
413 404 279
404 303 279
404 374 348
303 404 348
514 513 528
514 505 513
514 528 539
505 483 498
504 521 513
504 513 498
497 504 498
473 474 464
497 491 490
491 473 490
378 384 385
378 385 379
370 378 379
384 378 377
369 378 370
378 369 377
442 418 429
442 443 418
459 485 603
443 459 603
433 416 440
411 416 433
416 439 440
439 416 426
529 576 570
540 529 570
469 486 470
487 496 502
496 509 502
496 487 470
486 496 470
479 456 472
472 456 447
437 456 448
456 437 447
489 479 488
489 488 503
490 489 503
33 38 34
27 33 34
33 43 38
33 27 32
37 33 32
43 33 37
68 75 62
75 68 74
68 62 61
74 68 61
90 104 91
90 116 104
77 90 91
115 119 103
102 115 103
114 115 102
119 115 131
131 115 130
115 114 130
230 232 238
240 235 239
240 243 244
243 240 239
240 244 236
235 240 236
233 230 239
235 233 239
233 231 225
233 235 231
214 206 205
205 206 193
207 214 217
215 207 217
207 215 208
207 208 200
207 206 214
206 207 193
207 200 194
193 207 194
178 185 179
185 178 184
190 185 184
179 185 186
185 190 186
213 204 212
204 213 205
172 188 177
188 198 177
188 201 198
291 300 295
290 300 291
300 290 299
300 310 311
310 300 299
300 308 295
312 300 311
308 300 312
349 344 343
344 349 345
344 345 336
344 335 343
335 344 336
135 134 142
134 123 142
96 108 109
108 125 109
118 129 113
112 118 113
144 145 127
126 144 127
144 126 143
154 167 155
146 154 155
154 146 145
144 154 145
169 165 181
543 574 580
579 586 587
579 573 586
579 574 573
579 587 580
574 579 580
572 568 567
573 568 572
568 536 567
574 568 573
397 396 407
388 397 389
397 388 387
396 397 387
424 414 423
407 414 425
414 424 425
445 435 454
445 455 446
432 423 405
432 424 423
437 432 446
424 432 437
511 514 539
514 511 505
465 433 440
475 465 440
512 504 497
504 512 521
521 512 520
512 497 503
510 512 503
512 519 520
519 512 510
473 481 474
491 481 473
474 481 475
481 497 498
481 491 497
442 452 443
452 442 451
452 459 443
410 411 398
410 416 411
410 398 391
494 522 507
494 529 522
529 494 576
494 78 71
494 413 78
494 469 413
571 534 540
534 529 540
529 534 522
541 571 567
535 541 567
541 534 571
534 541 535
536 531 567
531 535 567
531 536 526
534 523 522
523 534 535
489 480 479
473 480 490
480 489 490
120 89 103
89 84 103
116 89 120
90 89 116
89 90 77
84 89 76
76 89 70
89 77 70
234 237 238
232 234 238
237 234 242
230 223 222
233 223 230
223 213 222
188 197 201
201 197 209
197 250 209
197 142 250
197 181 142
107 95 122
123 107 122
107 96 95
107 108 96
124 134 135
125 124 135
108 124 125
107 124 108
134 124 123
124 107 123
136 146 147
145 136 127
146 136 145
111 112 99
111 118 112
111 99 98
154 153 165
153 154 144
165 153 164
153 143 164
153 144 143
167 166 172
154 166 167
166 154 165
169 166 165
170 166 169
183 170 169
183 188 172
568 542 536
532 542 543
536 542 532
542 574 543
542 568 574
423 406 405
414 406 423
406 396 405
396 406 407
406 414 407
461 462 455
445 461 455
461 445 454
461 454 471
472 461 471
462 461 472
445 436 435
436 445 446
422 404 421
432 422 446
404 422 405
422 432 405
482 465 475
483 482 498
482 481 498
481 482 475
449 427 433
465 449 433
492 483 505
485 501 582
501 539 582
506 501 500
506 511 539
501 506 539
390 409 391
409 410 391
409 415 426
416 409 426
410 409 416
522 515 507
523 515 522
480 463 479
456 463 448
463 456 479
463 438 448
438 463 464
463 473 464
463 480 473
242 219 209
234 219 242
229 232 230
219 229 216
224 233 225
224 223 233
214 224 225
224 214 205
213 224 205
223 224 213
110 117 98
117 111 98
117 110 127
182 169 181
182 183 169
197 182 181
171 183 172
183 171 170
166 171 172
170 171 166
435 431 421
436 431 435
431 436 446
422 431 446
431 422 421
476 482 483
482 476 465
450 428 427
449 450 427
468 477 485
459 468 485
499 492 505
492 499 500
499 506 500
511 499 505
506 499 511
492 484 477
477 484 485
408 409 390
409 408 415
408 390 389
397 408 389
408 397 407
408 407 425
415 408 425
515 495 507
495 494 507
495 486 469
494 495 469
495 516 486
516 495 515
516 515 523
509 517 518
518 517 526
210 219 216
202 210 203
210 202 209
219 210 209
220 229 230
229 220 216
216 220 212
229 228 232
228 229 219
228 234 232
228 219 234
136 128 127
128 117 127
111 128 118
117 128 111
128 148 137
148 128 147
128 136 147
129 128 137
118 128 129
187 182 197
182 187 183
187 197 188
183 187 188
476 466 465
466 449 465
466 450 449
492 466 483
466 476 483
450 441 428
428 441 429
441 442 429
442 441 451
466 467 450
467 492 477
467 466 492
458 452 451
452 458 459
458 468 459
501 493 500
493 492 500
493 484 492
493 501 485
484 493 485
508 517 509
517 508 525
516 508 486
496 508 509
508 496 486
524 516 523
524 523 535
508 524 525
524 508 516
517 530 526
530 517 525
530 531 526
524 530 525
531 530 535
530 524 535
210 211 203
211 210 216
211 216 212
211 199 203
199 211 212
221 213 212
220 221 212
213 221 222
221 230 222
221 220 230
457 441 450
467 457 450
441 457 451
457 458 451
457 467 477
468 457 477
458 457 468
