618
0.270819	0.376346	0.290756
0.269491	0.382108	0.286866
0.259704	0.409417	0.278875
0.257592	0.415105	0.278052
0.273078	0.373117	0.295213
0.262486	0.410096	0.281693
0.261407	0.412902	0.281352
0.272898	0.366024	0.300487
0.275000	0.371733	0.298272
0.275904	0.379259	0.294068
0.266345	0.407931	0.284784
0.275775	0.368556	0.301823
0.276631	0.370429	0.301191
0.277637	0.383630	0.293657
0.276509	0.387902	0.291601
0.275777	0.390275	0.290745
0.274068	0.395180	0.289352
0.271173	0.403010	0.287949
0.269129	0.408494	0.287425
0.277157	0.367188	0.304582
0.279007	0.370938	0.303343
0.280072	0.372811	0.302786
0.282686	0.373178	0.304976
0.282584	0.386366	0.297055
0.281228	0.390934	0.295356
0.280404	0.393320	0.294637
0.287058	0.377002	0.305480
0.284702	0.388822	0.298373
0.278514	0.407231	0.295327
0.286640	0.372042	0.309543
0.289092	0.375482	0.308399
0.290028	0.378843	0.306442
0.287973	0.386785	0.301425
0.287325	0.388987	0.300583
0.284888	0.396468	0.298798
0.285298	0.367124	0.313253
0.291937	0.382652	0.305758
0.290614	0.386931	0.303564
0.287512	0.396698	0.301117
0.286481	0.365807	0.315677
0.292171	0.372692	0.313321
0.295554	0.380605	0.309285
0.293969	0.384606	0.306671
0.292543	0.389128	0.305001
0.287567	0.405313	0.302622
0.288934	0.366219	0.317414
0.290413	0.367969	0.316690
0.298014	0.376041	0.314375
0.298916	0.378965	0.312643
0.297647	0.382507	0.310114
0.296746	0.384476	0.308896
0.294308	0.391640	0.306616
0.291740	0.399789	0.305253
0.291018	0.402691	0.305111
0.290000	0.364758	0.319825
0.291521	0.366545	0.319067
0.301023	0.376178	0.316201
0.300420	0.382131	0.312390
0.296838	0.391510	0.308904
0.295994	0.394149	0.308359
0.294401	0.399893	0.307661
0.293715	0.402868	0.307478
0.292299	0.408894	0.307235
0.292530	0.365047	0.321513
0.294095	0.366862	0.320717
0.301497	0.373918	0.318878
0.304019	0.376321	0.318025
0.300168	0.388628	0.311736
0.295744	0.406088	0.309638
0.294364	0.412240	0.309472
0.292775	0.418459	0.309473
0.293573	0.363496	0.324083
0.305037	0.374308	0.320530
0.304741	0.382993	0.315779
0.298407	0.406284	0.311880
0.297814	0.409404	0.311789
0.297205	0.412517	0.311723
0.295012	0.422051	0.311905
0.296120	0.363736	0.325749
0.299216	0.367713	0.323815
0.311175	0.376435	0.321293
0.309439	0.380234	0.319395
0.304973	0.387913	0.316395
0.301076	0.406480	0.314117
0.300058	0.412800	0.313955
0.300359	0.366231	0.326471
0.313747	0.377540	0.321213
0.305283	0.397194	0.317370
0.303428	0.409872	0.316257
0.301835	0.419579	0.316125
0.301190	0.422820	0.316293
0.299844	0.429416	0.316863
0.302970	0.366872	0.328294
0.307416	0.371639	0.326476
0.310060	0.372879	0.325867
0.316005	0.376005	0.322299
0.316194	0.377450	0.321635
0.313565	0.379890	0.321922
0.309009	0.387166	0.320836
0.308530	0.390627	0.320527
0.308083	0.394105	0.320173
0.307314	0.400466	0.319391
0.306665	0.406902	0.318742
0.306282	0.410097	0.318489
0.303131	0.429875	0.319015
0.308274	0.370045	0.328849
0.314724	0.374097	0.325969
0.318207	0.375968	0.323036
0.318279	0.377675	0.322414
0.317329	0.378617	0.322497
0.313063	0.384209	0.323109
0.310860	0.390927	0.322987
0.310406	0.394206	0.322689
0.309828	0.400617	0.321781
0.309357	0.407099	0.320959
0.309102	0.410321	0.320671
0.307097	0.426918	0.320709
0.313759	0.388109	0.325656
0.312719	0.394330	0.325191
0.311790	0.413793	0.322551
0.311525	0.417154	0.322419
0.309943	0.430738	0.323137
0.317288	0.373353	0.328942
0.318738	0.374089	0.327685
0.320509	0.376977	0.326621
0.320419	0.380495	0.324872
0.319829	0.382119	0.325613
0.317659	0.386272	0.327194
0.315767	0.391524	0.327665
0.314996	0.397620	0.327074
0.314879	0.407529	0.325452
0.314844	0.410818	0.325001
0.312881	0.434561	0.325457
0.312376	0.438029	0.326024
0.321875	0.376259	0.329021
0.322047	0.377701	0.328737
0.319285	0.389268	0.329820
0.317515	0.397686	0.329458
0.317619	0.404359	0.328384
0.317717	0.407751	0.327721
0.316424	0.434987	0.327324
0.315590	0.441985	0.328558
0.323706	0.376382	0.331588
0.324104	0.381933	0.329862
0.324242	0.385185	0.329657
0.323172	0.387907	0.331020
0.322352	0.389097	0.331261
0.321443	0.391662	0.331654
0.320574	0.394243	0.331975
0.320344	0.407928	0.329759
0.320877	0.414772	0.328594
0.320114	0.435472	0.329122
0.325925	0.378634	0.333665
0.326373	0.385554	0.330987
0.325887	0.388169	0.332471
0.323672	0.394098	0.334088
0.323394	0.397652	0.333985
0.323064	0.404657	0.332805
0.324088	0.418535	0.330098
0.324147	0.425433	0.329792
0.324087	0.428880	0.329938
0.323826	0.435947	0.330902
0.323272	0.443058	0.332221
0.328725	0.381120	0.335952
0.328816	0.383428	0.335042
0.329276	0.386931	0.333733
0.328490	0.389897	0.334573
0.327274	0.393441	0.335604
0.327241	0.443547	0.333884
0.331988	0.389302	0.335310
0.331828	0.390039	0.335838
0.331558	0.390852	0.336462
0.331232	0.391833	0.336764
0.330184	0.409399	0.336540
0.330681	0.422638	0.332988
0.331527	0.433327	0.333740
0.331238	0.444048	0.335497
0.333561	0.398717	0.339659
0.333522	0.406376	0.339270
0.334145	0.413341	0.337325
0.334694	0.419935	0.335448
0.337641	0.384074	0.343042
0.337985	0.386294	0.342341
0.338153	0.388156	0.341568
0.337098	0.407156	0.341132
0.337344	0.410619	0.340287
0.338361	0.417180	0.338049
0.341628	0.388757	0.343843
0.341753	0.392403	0.341944
0.340778	0.404713	0.343550
0.341462	0.411407	0.341923
0.342350	0.417739	0.339579
0.343147	0.424293	0.337959
0.343426	0.427719	0.337821
0.343868	0.438260	0.338790
0.343831	0.441918	0.339353
0.343831	0.445582	0.339893
0.345061	0.387182	0.346711
0.344984	0.395270	0.342362
0.345132	0.408956	0.344335
0.348153	0.438794	0.340182
0.349395	0.392082	0.346776
0.349316	0.394275	0.345507
0.348958	0.398085	0.344949
0.350431	0.415797	0.343519
0.351534	0.425269	0.340496
0.351880	0.428683	0.340388
0.352170	0.432135	0.340476
0.352594	0.443023	0.341908
0.353149	0.390282	0.349418
0.353648	0.397366	0.345724
0.353211	0.399091	0.346681
0.354051	0.410315	0.346994
0.354489	0.413366	0.345987
0.356133	0.429168	0.341511
0.357050	0.443584	0.343045
0.357914	0.404388	0.348894
0.361488	0.440469	0.343662
0.361767	0.447754	0.344401
0.362394	0.395919	0.349709
0.363026	0.408014	0.349759
0.363436	0.411058	0.348649
0.363833	0.414132	0.347539
0.364105	0.417150	0.346235
0.364360	0.420165	0.344956
0.365081	0.430181	0.343523
0.365706	0.437388	0.344202
0.366382	0.448222	0.345289
0.367132	0.399939	0.349880
0.366987	0.401443	0.350652
0.368130	0.411181	0.349051
0.370027	0.434261	0.344683
0.371730	0.401303	0.351155
0.373654	0.420778	0.345848
0.376638	0.399403	0.350596
0.378353	0.421276	0.346140
0.379544	0.435296	0.346336
0.381356	0.400874	0.351172
0.381694	0.404307	0.350903
0.382788	0.418050	0.347314
0.383046	0.421777	0.346434
0.384861	0.446718	0.348096
0.386098	0.398207	0.350478
0.387151	0.414256	0.348208
0.388363	0.425333	0.346899
0.389507	0.447063	0.349095
0.391489	0.410616	0.349031
0.391774	0.414129	0.348102
0.393901	0.436590	0.348252
0.394129	0.443860	0.349337
0.394729	0.396578	0.349783
0.395285	0.402753	0.349820
0.396960	0.417966	0.347728
0.399024	0.397897	0.349688
0.400889	0.414119	0.347976
0.401581	0.418029	0.347892
0.402599	0.425817	0.348270
0.402932	0.429658	0.348642
0.403436	0.401506	0.349187
0.405395	0.414194	0.348098
0.407817	0.433599	0.350428
0.407945	0.437316	0.351438
0.407904	0.440853	0.352702
0.410847	0.418314	0.348530
0.412484	0.430075	0.350393
0.412497	0.433737	0.351686
0.413421	0.410167	0.348717
0.415423	0.418524	0.349267
0.419019	0.414707	0.349224
0.420961	0.422840	0.350896
0.421230	0.433634	0.355818
0.415905	0.395241	0.347309
0.416873	0.397350	0.348173
0.421066	0.406453	0.349201
0.422373	0.410674	0.349757
0.428327	0.415136	0.351435
0.426688	0.400256	0.349448
0.561580	0.408547	0.344558
0.569113	0.400612	0.341021
0.574848	0.396312	0.339761
0.574037	0.398437	0.340509
0.570252	0.407549	0.341572
0.566820	0.423711	0.345676
0.576796	0.401662	0.340337
0.572451	0.415872	0.341190
0.570851	0.431351	0.346483
0.580189	0.401792	0.340466
0.575251	0.423933	0.341722
0.575243	0.435109	0.345731
0.584376	0.396864	0.340827
0.581259	0.415635	0.339768
0.580457	0.419745	0.340061
0.579669	0.423860	0.340416
0.579320	0.435337	0.343332
0.587548	0.402494	0.340814
0.584291	0.423818	0.339605
0.583787	0.431568	0.340715
0.583800	0.435375	0.341688
0.592124	0.396602	0.341320
0.590636	0.411642	0.339676
0.589543	0.419737	0.338869
0.588301	0.435368	0.340162
0.588289	0.442865	0.341952
0.596164	0.395907	0.341892
0.596063	0.399626	0.341546
0.592817	0.439074	0.339589
0.600189	0.400641	0.341410
0.600056	0.404597	0.340989
0.597819	0.431324	0.337806
0.605004	0.401555	0.341311
0.604003	0.416305	0.338453
0.603562	0.420088	0.337572
0.602799	0.427547	0.336809
0.602485	0.431201	0.336936
0.601970	0.445989	0.338249
0.609593	0.400547	0.340907
0.608995	0.413099	0.339446
0.608680	0.416590	0.338291
0.608083	0.424098	0.336078
0.607144	0.431076	0.336016
0.607006	0.434708	0.336266
0.614415	0.401108	0.340267
0.613446	0.416754	0.337933
0.612813	0.423662	0.335522
0.611498	0.441550	0.335730
0.611198	0.448854	0.336349
0.618560	0.413594	0.338766
0.617872	0.420056	0.336268
0.617413	0.426895	0.334275
0.617331	0.430655	0.333832
0.616922	0.434037	0.334089
0.623774	0.400440	0.338465
0.628019	0.413594	0.337301
0.626252	0.429406	0.331736
0.633091	0.397537	0.336895
0.633397	0.406845	0.336971
0.632151	0.416422	0.335035
0.631686	0.419426	0.333678
0.631248	0.422441	0.332354
0.630747	0.428948	0.330554
0.630143	0.436016	0.330613
0.637271	0.399560	0.333835
0.637700	0.401365	0.334382
0.638010	0.406540	0.335413
0.636730	0.416099	0.333821
0.636219	0.419093	0.332497
0.635230	0.428476	0.329314
0.634172	0.446514	0.330310
0.642029	0.389651	0.336033
0.640614	0.418582	0.330951
0.640123	0.421634	0.329707
0.638875	0.435062	0.327740
0.638724	0.438682	0.328073
0.638596	0.442309	0.328457
0.638569	0.445990	0.328847
0.638531	0.449667	0.329231
0.645407	0.393432	0.332301
0.646025	0.399468	0.330243
0.646576	0.405060	0.331692
0.642962	0.445473	0.327320
0.648920	0.392887	0.329999
0.650301	0.403987	0.329800
0.648375	0.420595	0.326403
0.647214	0.434152	0.324517
0.647174	0.444996	0.325716
0.647213	0.448650	0.326198
0.652476	0.390440	0.328225
0.652241	0.393709	0.326864
0.653796	0.410053	0.327476
0.652851	0.416765	0.325590
0.651930	0.423338	0.323740
0.651688	0.426650	0.322990
0.651426	0.430148	0.322812
0.651226	0.440919	0.323529
0.656159	0.384366	0.327280
0.655423	0.394228	0.324223
0.656757	0.397422	0.325261
0.656428	0.416222	0.323505
0.655924	0.419525	0.322487
0.655727	0.426148	0.320936
0.655156	0.436885	0.321298
0.658583	0.388267	0.323341
0.660902	0.404779	0.324106
0.660658	0.408599	0.323300
0.659603	0.418992	0.320373
0.659646	0.422304	0.319550
0.659604	0.447244	0.321006
0.661368	0.386202	0.321123
0.661181	0.391056	0.320044
0.661521	0.391850	0.320284
0.663119	0.396282	0.321433
0.663616	0.400444	0.321639
0.662867	0.418609	0.318203
0.662845	0.421994	0.317523
0.662696	0.428985	0.316989
0.662868	0.439644	0.317994
0.663784	0.386106	0.318094
0.663709	0.388373	0.317061
0.667088	0.404381	0.319260
0.667142	0.411268	0.317356
0.666020	0.421678	0.315501
0.665966	0.425156	0.315069
0.666975	0.442806	0.316595
0.667389	0.446357	0.317176
0.666900	0.378289	0.316597
0.666270	0.379809	0.317039
0.665857	0.385010	0.315665
0.665896	0.386842	0.314695
0.667854	0.392076	0.316845
0.669598	0.397318	0.317352
0.669738	0.400857	0.317066
0.669769	0.407762	0.315925
0.670620	0.442387	0.314541
0.678573	0.372796	0.320854
0.667958	0.385238	0.312208
0.670810	0.392331	0.315153
0.672524	0.401001	0.314538
0.672254	0.424608	0.311034
0.672543	0.428047	0.311095
0.674243	0.441969	0.312449
0.677893	0.374758	0.316963
0.673237	0.377101	0.313990
0.669768	0.378326	0.311959
0.669254	0.382825	0.311126
0.669864	0.385452	0.310899
0.671013	0.387212	0.311840
0.674109	0.394846	0.312639
0.674898	0.414142	0.309868
0.675130	0.420882	0.309101
0.675340	0.424317	0.308899
0.679614	0.374972	0.315024
0.673683	0.377768	0.311680
0.670596	0.381749	0.309117
0.677397	0.407465	0.308437
0.682639	0.374359	0.313444
0.675861	0.377867	0.310861
0.674440	0.378413	0.309813
0.674706	0.384562	0.307757
0.678621	0.394653	0.307602
0.679069	0.397960	0.307274
0.679339	0.401107	0.306838
0.681387	0.423742	0.304486
0.681925	0.427103	0.304588
0.683796	0.437264	0.305396
0.685516	0.373667	0.311782
0.675133	0.379279	0.308022
0.673317	0.381317	0.306399
0.675899	0.383851	0.306700
0.680219	0.391095	0.305324
0.682976	0.413724	0.302734
0.683364	0.416950	0.302448
0.684962	0.426792	0.302329
0.685595	0.430114	0.302473
0.683946	0.376738	0.308796
0.679204	0.378836	0.307817
0.676152	0.382431	0.305987
0.680590	0.388432	0.303904
0.686658	0.420009	0.299947
0.687919	0.426516	0.300017
0.689409	0.433116	0.300416
0.687168	0.376183	0.306950
0.678892	0.381219	0.305159
0.678517	0.381868	0.305182
0.683988	0.392357	0.300793
0.684714	0.395284	0.300225
0.687706	0.410303	0.298097
0.688264	0.413442	0.297848
0.688830	0.416592	0.297623
0.690850	0.426245	0.297682
0.692900	0.371117	0.305484
0.691655	0.373354	0.305015
0.682777	0.379913	0.304495
0.681601	0.383406	0.302696
0.686928	0.395633	0.297743
0.687709	0.398410	0.297166
0.688379	0.401292	0.296763
0.690251	0.410219	0.295607
0.692234	0.419562	0.295129
0.688467	0.378456	0.302844
0.686578	0.388430	0.297756
0.687460	0.390912	0.296792
0.689986	0.398605	0.294682
0.691445	0.404209	0.293799
0.692785	0.410136	0.293112
0.694998	0.419316	0.292671
0.696649	0.425613	0.292782
0.695980	0.372048	0.301292
0.691267	0.377919	0.300751
0.688307	0.386720	0.296398
0.689069	0.388784	0.295220
0.690722	0.393595	0.293391
0.691521	0.396137	0.292791
0.696091	0.412959	0.290410
0.697721	0.419023	0.290189
0.702262	0.365875	0.301053
0.699579	0.369649	0.299918
0.694030	0.377366	0.298624
0.693906	0.396275	0.290330
0.695522	0.401455	0.289191
0.698680	0.412760	0.287935
0.699507	0.415691	0.287770
0.700429	0.418749	0.287682
0.693797	0.380180	0.295935
0.694108	0.389188	0.290320
0.697085	0.398773	0.287232
0.700378	0.409620	0.285604
0.702107	0.415438	0.285228
0.703946	0.368922	0.295943
0.697675	0.378066	0.294035
0.696465	0.379800	0.293694
0.696062	0.387196	0.289140
0.703781	0.412279	0.282852
0.699625	0.391398	0.284602
0.701838	0.398544	0.282271
0.705346	0.409123	0.280507
0.704826	0.373691	0.290209
0.703668	0.375516	0.289880
0.700618	0.382903	0.287021
0.700472	0.384720	0.285934
0.700909	0.386834	0.284562
0.702003	0.391255	0.282238
0.702645	0.393556	0.281267
0.709004	0.369486	0.289172
0.705948	0.375153	0.287622
0.703995	0.378872	0.286606
0.703143	0.380736	0.286012
0.703516	0.386490	0.282140
0.707500	0.400608	0.276644
0.708395	0.403143	0.276091
0.710960	0.368981	0.286996
0.705511	0.382182	0.282444
0.708229	0.383680	0.278658
0.710854	0.394897	0.272870
0.711651	0.397331	0.272079
0.712675	0.373717	0.280604
0.710669	0.379500	0.278586
0.711550	0.387514	0.273367
0.715042	0.399422	0.268769
0.715927	0.401985	0.268116
0.717946	0.407255	0.267042
0.715664	0.371105	0.278772
0.713132	0.378989	0.276111
0.714711	0.389159	0.269708
0.715351	0.391391	0.268657
0.720629	0.406646	0.264147
0.252171	0.382071	0.269432
0.249771	0.389211	0.266344
0.248913	0.391659	0.265400
0.247216	0.396754	0.263721
0.256288	0.381020	0.274132
0.253920	0.387837	0.270948
0.250441	0.397854	0.267502
0.249557	0.400529	0.266754
0.261512	0.373799	0.282140
0.259562	0.381961	0.277515
0.257226	0.388746	0.274354
0.264644	0.368844	0.288228
0.265057	0.372873	0.286482
0.264781	0.374802	0.285254
0.257825	0.397213	0.275179
0.254078	0.407926	0.272856
0.267466	0.377500	0.286821
0.260735	0.397966	0.277972
0.259789	0.400559	0.277393
0.256866	0.408666	0.275893
0.255875	0.411451	0.275417
0.253733	0.417208	0.274385
0.715682	0.382299	0.271044
0.716736	0.386388	0.268297
0.722233	0.403397	0.261849
0.720068	0.369562	0.273601
0.718317	0.377692	0.270573
0.718662	0.381668	0.268136
0.719554	0.385742	0.265610
0.720119	0.387894	0.264387
0.724058	0.400009	0.259492
0.722655	0.366606	0.271582
0.721869	0.370730	0.270017
0.721515	0.372781	0.269165
0.722828	0.387185	0.261550
0.723494	0.389329	0.260356
0.730448	0.409932	0.253680
0.731363	0.412723	0.253082
0.724387	0.371702	0.265799
0.724189	0.373811	0.264919
0.724051	0.375932	0.264081
0.725450	0.384131	0.259326
0.726053	0.386285	0.258119
0.727439	0.390898	0.255895
0.729931	0.398317	0.252890
0.731580	0.403552	0.251353
0.732477	0.406253	0.250589
0.733390	0.408966	0.249838
0.734306	0.411738	0.249135
0.727924	0.381047	0.256890
0.734434	0.402576	0.247451
0.729734	0.369158	0.258389
0.729765	0.371346	0.257493
0.730166	0.375647	0.255438
0.730530	0.377741	0.254284
0.738954	0.406870	0.241697
0.733251	0.376448	0.250177
0.739167	0.397793	0.240141
0.743868	0.414226	0.234592
0.740378	0.391524	0.237933
0.741098	0.393996	0.236836
0.741810	0.396595	0.235805
0.742561	0.399194	0.234815
0.744818	0.407385	0.231899
0.745559	0.410181	0.230924
0.742708	0.390289	0.233530
0.744880	0.398004	0.230269
0.746332	0.403422	0.228230
0.747045	0.406215	0.227206
0.747737	0.409003	0.226168
0.745092	0.388916	0.229035
0.746525	0.385004	0.225586
0.747182	0.387565	0.224389
