122
33 2 1
2 33 52
3 63 2
63 3 4
0 63 58
63 0 1
33 1 0
2 63 1
13 47 49
47 13 12
63 4 5
52 43 44
43 52 37
3 2 54
19 51 20
51 19 18
63 6 60
6 63 5
4 3 56
11 47 12
47 11 10
60 6 7
5 4 56
51 18 49
60 7 8
6 5 56
16 49 18
49 16 14
60 8 9
7 6 56
16 18 17
60 9 10
8 7 56
13 49 14
60 10 11
9 8 47
49 47 48
60 11 12
10 9 47
14 16 15
60 12 13
22 51 23
51 22 21
60 13 14
8 56 47
60 14 65
24 51 57
51 24 23
65 14 15
65 15 16
57 28 27
28 57 29
17 61 65
61 17 18
17 65 16
61 18 19
54 46 48
46 54 45
61 19 20
61 21 22
21 61 20
57 46 55
46 57 50
61 22 23
21 20 51
61 23 24
45 54 44
61 24 25
54 2 52
61 25 64
56 3 54
26 64 25
64 26 27
25 24 57
37 52 36
26 25 57
52 33 35
64 27 28
27 26 57
52 35 36
35 33 34
29 64 28
64 29 30
44 54 52
30 29 55
29 57 55
64 30 31
31 30 53
55 45 44
45 55 46
64 31 32
32 31 42
34 58 35
58 34 33
59 64 32
55 44 53
33 0 58
30 55 53
40 53 39
53 40 42
37 62 38
62 37 36
37 38 43
36 35 62
62 35 58
53 43 38
43 53 44
53 38 39
31 53 42
38 62 39
42 40 41
40 39 62
40 62 41
42 59 32
59 42 41
54 48 56
51 49 50
48 47 56
48 46 49
49 46 50
51 50 57
41 62 59