68
2 7 1
7 2 8
10 33 9
33 10 11
1 7 0
1 0 26
2 26 30
26 2 1
30 27 4
2 30 3
8 2 3
30 4 3
8 3 9
3 4 9
5 27 6
27 5 4
28 7 33
7 28 0
4 5 10
6 27 32
32 29 12
5 6 11
32 12 6
9 4 10
33 7 8
33 8 9
10 5 11
33 11 12
11 6 12
26 0 31
0 28 31
12 29 33
40 37 13
41 36 25
13 35 40
35 13 14
14 13 20
20 15 14
15 20 21
38 35 15
14 15 35
16 38 15
38 16 17
16 15 21
38 17 34
17 16 22
16 21 22
34 17 18
18 17 23
18 19 34
19 18 24
25 39 19
39 25 36
41 20 37
20 41 21
20 13 37
23 41 24
41 23 22
17 22 23
18 23 24
22 21 41
19 24 25
25 24 41
34 19 39
29 32 39
34 39 27
32 27 39
29 39 36